AA,PPII,alpha,beta
G,0.22,0.66,0.12
A,0.60,0.11,0.29
K,0.55,0.04,0.41
R,0.54,0.07,0.39
L,0.55,0.10,0.35
W,nan,nan,nan
M,0.50,0.03,0.47
S,0.49,0.04,0.47
E,0.59,0.05,0.36
Q,0.44,0.08,0.48
Y,0.46,0.07,0.47
F,nan,nan,nan
V,0.47,0.02,0.51
C,0.43,0.03,0.54
I,0.46,0.02,0.52
T,0.39,0.03,0.58
N,0.4,0.02,0.58
D,0.49,0.05,0.46
H,0.38,0.04,0.58
